0 0.443359375 0.7408854166666666 0.03125 0.09114583333333333
0 0.6962890625 0.7864583333333334 0.048828125 0.08854166666666667
0 0.9541015625 0.71875 0.060546875 0.09375
0 0.2099609375 0.58203125 0.029296875 0.0703125
0 0.0712890625 0.57421875 0.041015625 0.0546875
0 0.6474609375 0.4348958333333333 0.037109375 0.078125
0 0.2255859375 0.4166666666666667 0.037109375 0.052083333333333336
0 0.3154296875 0.328125 0.044921875 0.078125
0 0.0537109375 0.3997395833333333 0.025390625 0.0546875
0 0.958984375 0.3307291666666667 0.03515625 0.052083333333333336
0 0.75390625 0.3046875 0.03515625 0.036458333333333336
0 0.3935546875 0.23177083333333334 0.033203125 0.0625
0 0.26953125 0.21614583333333334 0.02734375 0.036458333333333336
0 0.56640625 0.24869791666666666 0.0234375 0.033854166666666664
0 0.5859375 0.14583333333333334 0.078125 0.052083333333333336
0 0.4267578125 0.17447916666666666 0.037109375 0.046875