0 0.443916015625 0.7455859375 0.04802734375 0.13356770833333334
0 0.6854296875 0.791328125 0.03705078125 0.08598958333333334
0 0.957822265625 0.7144791666666667 0.0329296875 0.12625
0 0.21681640625 0.5845703125 0.041171875 0.078671875
0 0.076162109375 0.5763411458333333 0.034306640625 0.05489583333333333
0 0.225732421875 0.4308854166666667 0.0315625 0.06403645833333334
0 0.192802734375 0.31927083333333334 0.02607421875 0.053059895833333336
0 0.078212890625 0.5772526041666667 0.0329296875 0.0457421875
0 0.063125 0.39795572916666666 0.035673828125 0.03842447916666667
0 0.393828125 0.2323697916666667 0.02744140625 0.06953125
0 0.651376953125 0.43583333333333335 0.028525390625 0.064453125
0 0.269423828125 0.2208203125 0.0301171875 0.046484375
0 0.070927734375 0.33282552083333333 0.034072265625 0.038033854166666665
0 0.564208984375 0.24723958333333332 0.036455078125 0.038033854166666665
0 0.750830078125 0.3048177083333333 0.0356640625 0.0454296875
0 0.77619140625 0.21290364583333332 0.034072265625 0.03697916666666667
0 0.5590625 0.15848958333333332 0.01822265625 0.05705729166666667
0 0.610966796875 0.14686197916666668 0.0301171875 0.04860677083333333
0 0.4231640625 0.17063802083333335 0.028525390625 0.056002604166666664
0 0.30892578125 0.32828125 0.0216796875 0.0701953125
0 0.961259765625 0.32893229166666665 0.028359375 0.052929687499999996