0 0.193916015625 0.830029197080292 0.025107421875 0.05005839416058394
0 0.233681640625 0.7893576642335767 0.020927734375 0.043795620437956206
0 0.31189453125 0.7427007299270073 0.020751953125 0.051094890510948905
0 0.357060546875 0.8266423357664233 0.015869140625 0.029197080291970802
0 0.41259765625 0.7773722627737226 0.0146484375 0.043795620437956206
0 0.4510546875 0.7928905109489051 0.013427734375 0.05291970802919708
0 0.47791015625 0.8257372262773722 0.018310546875 0.03467153284671533
0 0.5194140625 0.7947153284671533 0.018310546875 0.02737226277372263
0 0.56884765625 0.7837664233576642 0.0146484375 0.04927007299270073
0 0.60546875 0.6158832116788321 0.01220703125 0.04562043795620438
0 0.698857421875 0.8302919708029197 0.008544921875 0.051094890510948905
0 0.7177734375 0.7244525547445255 0.01953125 0.040145985401459854
0 0.767216796875 0.8156934306569343 0.020751953125 0.01824817518248175
0 0.78796875 0.7363211678832117 0.018310546875 0.02737226277372263