0 0.412333984375 0.605475841874085 0.048212890625 0.0739385065885798
0 0.669404296875 0.5486530014641289 0.031396484375 0.07396778916544657
0 0.203154296875 0.6906295754026354 0.0504296875 0.04881405563689605
0 0.313056640625 0.7329721815519766 0.05138671875 0.04789165446559297
0 0.58931640625 0.6770717423133236 0.039326171875 0.0454904831625183
0 0.678447265625 0.6497364568081991 0.033623046875 0.06212298682284041
0 0.590107421875 0.6832650073206442 0.0504296875 0.048345534407027824
0 0.7439453125 0.6081112737920936 0.0345703125 0.050204978038067345
0 0.8392578125 0.5731478770131772 0.044404296875 0.03259150805270864
0 0.76947265625 0.5743338213762811 0.044404296875 0.049238653001464135
0 0.57203125 0.6045387994143484 0.042822265625 0.038316251830161054
0 0.48703125 0.6207027818448023 0.053603515625 0.04348462664714495