0 0.244140625 0.8211130434782609 0.083701171875 0.14161739130434783
0 0.425498046875 0.7354086956521739 0.05859375 0.1142782608695652
0 0.63197265625 0.7068347826086957 0.033486328125 0.1465913043478261
0 0.85169921875 0.7354086956521739 0.112998046875 0.034782608695652174
0 0.55384765625 0.6931652173913043 0.030693359375 0.06956521739130435
0 0.335517578125 0.7068347826086957 0.04603515625 0.027321739130434786
0 0.112998046875 0.6931652173913043 0.02232421875 0.029808695652173915
0 0.05091796875 0.7055826086956521 0.02650390625 0.029808695652173915
0 0.33970703125 0.7105565217391304 0.057197265625 0.034782608695652174
1 0.74916015625 0.33043478260869563 0.245537109375 0.591304347826087
1 0.20228515625 0.5093217391304348 0.13392578125 0.3279478260869565
1 0.400390625 0.45838260869565217 0.08091796875 0.17142608695652173
1 0.1806640625 0.1254608695652174 0.16322265625 0.1863304347826087