0 0.194501953125 0.8236058394160584 0.027666015625 0.03163503649635037
0 0.236005859375 0.7895328467153285 0.01953125 0.0364963503649635
0 0.311689453125 0.746963503649635 0.021162109375 0.03405839416058394
0 0.413408203125 0.7700729927007299 0.022783203125 0.03163503649635037
0 0.452470703125 0.7883211678832117 0.01953125 0.024335766423357667
0 0.472001953125 0.8187299270072993 0.016279296875 0.021897810218978103
0 0.519208984375 0.7956204379562044 0.035810546875 0.03405839416058394
0 0.564775390625 0.7822335766423358 0.013017578125 0.04135766423357664
0 0.611982421875 0.6143503649635036 0.009765625 0.021897810218978103
0 0.7177734375 0.7238394160583942 0.016279296875 0.04135766423357664
0 0.699052734375 0.819956204379562 0.0244140625 0.01945985401459854